55.0,46  0 
52.0,40  0 
50.0,46  0 
50.0,40  0 
50.0,46  0 
50.0,46  0 
65.0,43  0 
65.0,43  0 
50.0,43  0 
50.0,45  0 
40.0,45  0 
30.0,43  0 
50.0,45  0 
50.0,45  0 
37.5,44  0 
37.5,44  0 
45.0,44  0 
40.0,44  0 
40.0,43  0 
32.5,43  0 
37.5,44  0 
35.0,44  0 
50.0,43  0 
50.0,43  0 
60.0,43  0 
52.5,43  0 
50.0,43  0 
25.0,38  0 
25.0,38  0 
40.0,46  0 
40.0,46  0 
40.0,46  0 
40.0,35  0 
35.0,38  0 
35.0,38  0 
40.0,39  0 
40.0,39  0 
42.5,41  0 
35.0,39  0 
50.0,43  0 
67.5,45  0 
55.0,37  0 
42.5,41  0 
52.5,43  0 
40.0,44  0 
40.0,43  0 
40.0,43  0 
40.0,43  0 
60.0,49  0 
55.0,49  0 
40.0,49  0 
40.0,49  0 
42.0,44  0 
45.0,44  0 
50.0,43  0 
47.0,43  0 
35.0,48  0 
35.0,48  0 
47.0,67  0 
47.0,67  0 
50.0,55  0 
50.0,50  0 
50.0,50  0 
35.0,56  0 
35.0,56  0 
40.0,50  0 
40.0,50  0 
40.0,54  0 
40.0,54  0 
55.0,45  0 
45.0,54  0 
47.5,68  0 
47.5,68  0 
45.0,54  0 
37.5,70  0 
37.5,70  0 
47.5,60  0 
40.0,62  0 
40.0,62  0 
40.0,64  0 
40.0,64  0 
50.0,60  0 
50.0,62  0 
50.0,62  0 
32.5,56  0 
40.0,56  0 
30.0,56  0 
30.0,69  0 
45.0,69  0 
45.0,69  0 
32.5,69  0 
40.0,64  0 
40.0,64  0 
40.0,41  0 
45.0,42  0 
45.0,42  0 
55.0,54  0 
57.5,54  0 
40.0,38  0 
37.5,54  0 
45.0,55  0 
40.0,48  0 
40.0,48  0 
72.5,54  0 
50.0,48  0 
40.0,54  0 
40.0,54  0 
30.0,58  0 
30.0,58  0 
30.0,51  0 
30.0,51  0 
30.0,58  0 
30.0,58  0 
52.5,54  0 
55.5,54  0 
57.5,55  0 
55.0,55  0 
50.0,58  0 
40.0,47  0 
45.0,47  0 
37.5,56  0 
30.0,56  0 
40.0,56  0 
60.0,53  0 
57.5,53  0 
62.5,61  0 
65.0,61  0 
45.0,61  0 
50.0,61  0 
32.5,54  0 
32.5,54  0 
40.0,54  0 
40.0,54  0 
45.0,54  0 
57.5,54  0 
60.0,53  0 
55.0,54  0 
60.0,53  0 
45.0,50  0 
40.0,50  0 
50.0,50  0 
45.0,54  0 
45.0,54  0 
45.0,54  0 
30.0,54  0 
30.0,54  0 
30.0,54  0 
30.0,54  0 
45.0,54  0 
45.0,54  0 
45.0,56  0 
30.0,56  0 
57.5,57  0 
57.5,51  0 
57.5,51  0 
40.0,55  0 
45.0,55  0 
52.5,55  0 
60.0,50  0 
60.0,50  0 
60.0,50  0

---30%---
65.0,50  0 
65.0,60  0 
60.0,60  0 
42.5,48  0 
42.5,48  0 
35.0,48  0 
35.0,48  0 
47.5,49  0 
42.5,52  0 
42.5,52  0 
35.0,50  0 
40.0,50  0 
30.0,53  0 
30.0,53  0 
30.0,54  0 
65.0,42  0 
65.0,42  0 
40.0,43  0 
40.0,43  0 
37.5,43  0 
45.0,42  0 
45.0,43  0 
50.0,43  0 
32.5,47  0 
32.5,47  0 
70.0,43  0 
70.0,43  0 
40.0,47  0 
45.0,41  0 
45.0,42  0 
45.0,42  0 
45.0,41  0 
45.0,41  0 
45.0,42  0 
50.0,42  0 
50.0,42  0 
40.0,42  0 
40.0,42  0 
40.0,42  0 
32.0,42  0 
32.0,42  0 
45.0,41  0 
45.0,41  0 
35.0,42  0 
65.0,50  0 
55.0,40  0 
37.5,40  0 
50.0,40  0 
50.0,40  0 
45.0,41  0 
50.0,41  0 
30.0,41  0 
40.0,41  0 
60.0,60  0 
47.5,65  0 
40.0,58  0 
40.0,62  0 
40.0,62  0 
45.0,58  0 
45.0,58  0 
42.0,58  0 
27.5,41  0 
35.0,41  0 
60.0,60  0 
40.0,60  0 
40.0,62  0 
40.0,62  0 
45.0,57  0 
40.0,59  0 