38,2   0
39,4   0
49,1   0
53,2   0
47,4   0
56,0   0
64,0   0
55,22  0
52,0   0
61,8   0
64,0   0
54,0   0
44,0   0
49,0   0
55,1   0
55,18  0
43,14  0
37,6   0
42,1   0
34,0   0
43,2   0
59,4   0
41,0   0
63,0   0
68,0   0
42,20  0
54,7   0
77,3   0
60,1   0
58,0   0
58,1   0
72,3   0
35,13  0
39,0   0
73,0   0
62,6   0
61,0   0
76,0   0
30,0   0
50,0   0
45,0   0
52,0   0
42,1   0
46,0   0
55,3   0
49,1   0
38,0   0
43,4   0
51,7   0
54,19  0
49,1   0
62,0   0
55,0   0
40,2   0
67,0   0
53,1   0
51,1   0
55,1   0
54,0   0
70,8   0
71,2   0
62,0   0
41,0   0
30,3   0
65,0   0
52,0   0
59,3   0
61,0   0
52,4   0
59,7   0
67,0   0
67,0   0
42,2   0
51,0   0
52,5   0
30,1   0
39,2   0
57,0   0
65,0   0
67,0   0
57,0   0
50,0   0
64,0   0
49,0   0
44,16  0
37,0   0
38,3   0
52,0   0
58,2   0
49,1   0
56,2   0
47,3   0
63,0   0
59,0   0
47,12  0
74,0   0
36,1   0
56,0   0
57,0   0
45,0   0
60,25  0
66,0   0
65,2   0
56,1   0
38,5   0
51,1   0
52,0   0
48,0   0
34,7   0
58,0   0
46,0   0
36,0   0
42,0   0
46,3   0
53,0   0
58,3   0
57,0   0
50,4   0
58,3   0
41,8   0
31,4   0
62,0   0
49,0   0
66,0   0
57,0   0
37,15  0
50,1   0
60,2   0
50,0   0
37,0   0
40,0   0
34,30  0
37,0   0
48,2   0
45,0   0
50,1   0
64,22  0
33,10  0
50,2   0
57,0   0
53,1   0
38,0   0
41,0   0
52,0   0
39,0   0
38,1   0
40,0   0
59,0   0
63,9   0
72,0   0
35,0   0
64,0   0
57,9   0
45,14  0
39,0   0
31,2   0
48,0   0
72,0   0
47,0   0
38,0   0
53,1   0
42,0   0
70,0   0
41,0   0
63,28  0
69,0   0
52,1   0
73,0   0
41,0   0
59,1   0
55,1   0
63,0   0
43,3   0
54,46  0
34,10  0
50,6   0
70,0   0
44,1   0
65,0   0
69,0   0
47,4   0
47,0   0
65,1   0
68,0   0
34,1   0
75,1   0
33,0   0
52,4   0
59,0   0
60,0   0
44,0   0
45,1   0
70,14  0
56,0   0
54,7   0
43,0   0
65,0   0
66,1   0
48,8   0
43,0   0
61,0   0
41,8   0
37,0   0
54,0   0
70,0   0
38,11  0
57,0   0
50,1   0
61,0   0
69,0   0
47,6   0
38,1   0
54,3   0
50,0   0
45,0   0
61,0   0
49,3   0
63,0   0
58,0   0
54,1   0
47,0   0
55,0   0
63,0   0
42,4   0
43,2   0